1 Контейнер
	0	0	0	0	0	0	0	0	0	0	0	0	0	0	0	0		0	0	0	0	0	0	0	0	0	0	0	0	0	0	0	0		0	0	0	1	1	1	1	1	1	1	1	1	1	1	1	0		0	0	0	1	1	1	1	1	1	1	1	1	1	1	1	0		0	0	0	1	1	1	1	1	1	1	1	1	1	1	1	0		0	0	0	1	1	1	1	1	1	1	1	1	1	1	1	0		0	0	0	1	1	1	1	1	1	1	1	1	1	1	1	0		0	0	0	1	1	1	1	1	1	1	1	1	1	1	1	0		0	0	0	1	1	1	1	1	1	1	1	1	1	1	1	0		0	0	0	1	1	1	1	1	1	1	1	1	1	1	1	0		0	0	0	1	1	1	1	1	1	1	1	1	1	1	1	0		0	0	0	1	1	1	1	1	1	1	1	1	1	1	1	0		0	0	0	1	1	1	1	1	1	1	1	1	1	1	1	0		0	0	0	1	1	1	1	1	1	1	1	1	1	1	1	0		0	0	0	1	1	1	1	1	1	1	1	1	1	1	1	0	
	0	0	0	0	0	0	0	0	0	0	0	0	0	0	0	0		0	0	0	0	0	0	0	0	0	0	0	0	0	0	0	0		0	0	0	1	1	1	1	1	1	1	1	1	1	1	1	0		0	0	0	1	1	1	1	1	1	1	1	1	1	1	1	0		0	0	0	1	1	1	1	1	1	1	1	1	1	1	1	0		0	0	0	1	1	1	1	1	1	1	1	1	1	1	1	0		0	0	0	1	1	1	1	1	1	1	1	1	1	1	1	0		0	0	0	1	1	1	1	1	1	1	1	1	1	1	1	0		0	0	0	1	1	1	1	1	1	1	1	1	1	1	1	0		0	0	0	1	1	1	1	1	1	1	1	1	1	1	1	0		0	0	0	1	1	1	1	1	1	1	1	1	1	1	1	0		0	0	0	1	1	1	1	1	1	1	1	1	1	1	1	0		0	0	0	1	1	1	1	1	1	1	1	1	1	1	1	0		0	0	0	1	1	1	1	1	1	1	1	1	1	1	1	0		0	0	0	1	1	1	1	1	1	1	1	1	1	1	1	0	
	0	0	0	0	0	0	0	0	0	0	0	0	0	0	0	0		0	0	0	0	0	0	0	0	0	0	0	0	0	0	0	0		0	0	0	1	1	1	1	1	1	1	1	1	1	1	1	0		0	0	0	1	1	1	1	1	1	1	1	1	1	1	1	0		0	0	0	1	1	1	1	1	1	1	1	1	1	1	1	0		0	0	0	1	1	1	1	1	1	1	1	1	1	1	1	0		0	0	0	1	1	1	1	1	1	1	1	1	1	1	1	0		0	0	0	1	1	1	1	1	1	1	1	1	1	1	1	0		0	0	0	1	1	1	1	1	1	1	1	1	1	1	1	0		0	0	0	1	1	1	1	1	1	1	1	1	1	1	1	0		0	0	0	1	1	1	1	1	1	1	1	1	1	1	1	0		0	0	0	1	1	1	1	1	1	1	1	1	1	1	1	0		0	0	0	1	1	1	1	1	1	1	1	1	1	1	1	0		0	0	0	1	1	1	1	1	1	1	1	1	1	1	1	0		0	0	0	1	1	1	1	1	1	1	1	1	1	1	1	0	
	0	0	0	0	0	0	0	0	0	0	0	0	0	0	0	0		0	0	0	0	0	0	0	0	0	0	0	0	0	0	0	0		0	0	0	1	1	1	1	1	1	1	1	1	1	1	1	0		0	0	0	1	1	1	1	1	1	1	1	1	1	1	1	0		0	0	0	1	1	1	1	1	1	1	1	1	1	1	1	0		0	0	0	1	1	1	1	1	1	1	1	1	1	1	1	0		0	0	0	1	1	1	1	1	1	1	1	1	1	1	1	0		0	0	0	1	1	1	1	1	1	1	1	1	1	1	1	0		0	0	0	1	1	1	1	1	1	1	1	1	1	1	1	0		0	0	0	1	1	1	1	1	1	1	1	1	1	1	1	0		0	0	0	1	1	1	1	1	1	1	1	1	1	1	1	0		0	0	0	1	1	1	1	1	1	1	1	1	1	1	1	0		0	0	0	1	1	1	1	1	1	1	1	1	1	1	1	0		0	0	0	1	1	1	1	1	1	1	1	1	1	1	1	0		0	0	0	1	1	1	1	1	1	1	1	1	1	1	1	0	
	0	0	0	0	0	0	0	0	0	0	0	0	0	0	0	0		0	0	0	0	0	0	0	0	0	0	0	0	0	0	0	0		0	0	0	1	1	1	1	1	1	1	1	1	1	1	1	0		0	0	0	1	1	1	1	1	1	1	1	1	1	1	1	0		0	0	0	1	1	1	1	1	1	1	1	1	1	1	1	0		0	0	0	1	1	1	1	1	1	1	1	1	1	1	1	0		0	0	0	1	1	1	1	1	1	1	1	1	1	1	1	0		0	0	0	1	1	1	1	1	1	1	1	1	1	1	1	0		0	0	0	1	1	1	1	1	1	1	1	1	1	1	1	0		0	0	0	1	1	1	1	1	1	1	1	1	1	1	1	0		0	0	0	1	1	1	1	1	1	1	1	1	1	1	1	0		0	0	0	1	1	1	1	1	1	1	1	1	1	1	1	0		0	0	0	1	1	1	1	1	1	1	1	1	1	1	1	0		0	0	0	1	1	1	1	1	1	1	1	1	1	1	1	0		0	0	0	1	1	1	1	1	1	1	1	1	1	1	1	0	
	0	0	0	0	0	0	0	0	0	0	0	0	0	0	0	0		0	0	0	0	0	0	0	0	0	0	0	0	0	0	0	0		0	0	0	1	1	1	1	1	1	1	1	1	1	1	1	0		0	0	0	1	1	1	1	1	1	1	1	1	1	1	1	0		0	0	0	1	1	1	1	1	1	1	1	1	1	1	1	0		0	0	0	1	1	1	1	1	1	1	1	1	1	1	1	0		0	0	0	1	1	1	1	1	1	1	1	1	1	1	1	0		0	0	0	1	1	1	1	1	1	1	1	1	1	1	1	0		0	0	0	1	1	1	1	1	1	1	1	1	1	1	1	0		0	0	0	1	1	1	1	1	1	1	1	1	1	1	1	0		0	0	0	1	1	1	1	1	1	1	1	1	1	1	1	0		0	0	0	1	1	1	1	1	1	1	1	1	1	1	1	0		0	0	0	1	1	1	1	1	1	1	1	1	1	1	1	0		0	0	0	1	1	1	1	1	1	1	1	1	1	1	1	0		0	0	0	1	1	1	1	1	1	1	1	1	1	1	1	0	
	0	0	0	0	0	0	0	0	0	0	0	0	0	0	0	0		0	0	0	0	0	0	0	0	0	0	0	0	0	0	0	0		0	0	0	1	1	1	1	1	1	1	1	1	1	1	1	0		0	0	0	1	1	1	1	1	1	1	1	1	1	1	1	0		0	0	0	1	1	1	1	1	1	1	1	1	1	1	1	0		0	0	0	1	1	1	1	1	1	1	1	1	1	1	1	0		0	0	0	1	1	1	1	1	1	1	1	1	1	1	1	0		0	0	0	1	1	1	1	1	1	1	1	1	1	1	1	0		0	0	0	1	1	1	1	1	1	1	1	1	1	1	1	0		0	0	0	1	1	1	1	1	1	1	1	1	1	1	1	0		0	0	0	1	1	1	1	1	1	1	1	1	1	1	1	0		0	0	0	1	1	1	1	1	1	1	1	1	1	1	1	0		0	0	0	1	1	1	1	1	1	1	1	1	1	1	1	0		0	0	0	1	1	1	1	1	1	1	1	1	1	1	1	0		0	0	0	1	1	1	1	1	1	1	1	1	1	1	1	0	
	0	0	0	0	0	0	0	0	0	0	0	0	0	0	0	0		0	0	0	0	0	0	0	0	0	0	0	0	0	0	0	0		0	0	0	1	1	1	1	1	1	1	1	1	1	1	1	0		0	0	0	1	1	1	1	1	1	1	1	1	1	1	1	0		0	0	0	1	1	1	1	1	1	1	1	1	1	1	1	0		0	0	0	1	1	1	1	1	1	1	1	1	1	1	1	0		0	0	0	1	1	1	1	1	1	1	1	1	1	1	1	0		0	0	0	1	1	1	1	1	1	1	1	1	1	1	1	0		0	0	0	1	1	1	1	1	1	1	1	1	1	1	1	0		0	0	0	1	1	1	1	1	1	1	1	1	1	1	1	0		0	0	0	1	1	1	1	1	1	1	1	1	1	1	1	0		0	0	0	1	1	1	1	1	1	1	1	1	1	1	1	0		0	0	0	1	1	1	1	1	1	1	1	1	1	1	1	0		0	0	0	1	1	1	1	1	1	1	1	1	1	1	1	0		0	0	0	1	1	1	1	1	1	1	1	1	1	1	1	0	
	0	0	0	0	0	0	0	0	0	0	0	0	0	0	0	0		0	0	0	0	0	0	0	0	0	0	0	0	0	0	0	0		0	0	0	1	1	1	1	1	1	1	1	1	1	1	1	0		0	0	0	1	1	1	1	1	1	1	1	1	1	1	1	0		0	0	0	1	1	1	1	1	1	1	1	1	1	1	1	0		0	0	0	1	1	1	1	1	1	1	1	1	1	1	1	0		0	0	0	1	1	1	1	1	1	1	1	1	1	1	1	0		0	0	0	1	1	1	1	1	1	1	1	1	1	1	1	0		0	0	0	1	1	1	1	1	1	1	1	1	1	1	1	0		0	0	0	1	1	1	1	1	1	1	1	1	1	1	1	0		0	0	0	1	1	1	1	1	1	1	1	1	1	1	1	0		0	0	0	1	1	1	1	1	1	1	1	1	1	1	1	0		0	0	0	1	1	1	1	1	1	1	1	1	1	1	1	0		0	0	0	1	1	1	1	1	1	1	1	1	1	1	1	0		0	0	0	1	1	1	1	1	1	1	1	1	1	1	1	0	
	0	0	0	0	0	0	0	0	0	0	0	0	0	0	0	0		0	0	0	0	0	0	0	0	0	0	0	0	0	0	0	0		0	0	0	1	1	1	1	1	1	1	1	1	1	1	1	0		0	0	0	1	1	1	1	1	1	1	1	1	1	1	1	0		0	0	0	1	1	1	1	1	1	1	1	1	1	1	1	0		0	0	0	1	1	1	1	1	1	1	1	1	1	1	1	0		0	0	0	1	1	1	1	1	1	1	1	1	1	1	1	0		0	0	0	1	1	1	1	1	1	1	1	1	1	1	1	0		0	0	0	1	1	1	1	1	1	1	1	1	1	1	1	0		0	0	0	1	1	1	1	1	1	1	1	1	1	1	1	0		0	0	0	1	1	1	1	1	1	1	1	1	1	1	1	0		0	0	0	1	1	1	1	1	1	1	1	1	1	1	1	0		0	0	0	1	1	1	1	1	1	1	1	1	1	1	1	0		0	0	0	1	1	1	1	1	1	1	1	1	1	1	1	0		0	0	0	1	1	1	1	1	1	1	1	1	1	1	1	0	
	0	0	0	0	0	0	0	0	0	0	0	0	0	0	0	0		0	0	0	0	0	0	0	0	0	0	0	0	0	0	0	0		0	0	0	1	1	1	1	1	1	1	1	1	1	1	1	0		0	0	0	1	1	1	1	1	1	1	1	1	1	1	1	0		0	0	0	1	1	1	1	1	1	1	1	1	1	1	1	0		0	0	0	1	1	1	1	1	1	1	1	1	1	1	1	0		0	0	0	1	1	1	1	1	1	1	1	1	1	1	1	0		0	0	0	1	1	1	1	1	1	1	1	1	1	1	1	0		0	0	0	1	1	1	1	1	1	1	1	1	1	1	1	0		0	0	0	1	1	1	1	1	1	1	1	1	1	1	1	0		0	0	0	1	1	1	1	1	1	1	1	1	1	1	1	0		0	0	0	1	1	1	1	1	1	1	1	1	1	1	1	0		0	0	0	1	1	1	1	1	1	1	1	1	1	1	1	0		0	0	0	1	1	1	1	1	1	1	1	1	1	1	1	0		0	0	0	1	1	1	1	1	1	1	1	1	1	1	1	0	
	0	0	0	0	0	0	0	0	0	0	0	0	0	0	0	0		0	0	0	0	0	0	0	0	0	0	0	0	0	0	0	0		0	0	0	1	1	1	1	1	1	1	1	1	1	1	1	0		0	0	0	1	1	1	1	1	1	1	1	1	1	1	1	0		0	0	0	1	1	1	1	1	1	1	1	1	1	1	1	0		0	0	0	1	1	1	1	1	1	1	1	1	1	1	1	0		0	0	0	1	1	1	1	1	1	1	1	1	1	1	1	0		0	0	0	1	1	1	1	1	1	1	1	1	1	1	1	0		0	0	0	1	1	1	1	1	1	1	1	1	1	1	1	0		0	0	0	1	1	1	1	1	1	1	1	1	1	1	1	0		0	0	0	1	1	1	1	1	1	1	1	1	1	1	1	0		0	0	0	1	1	1	1	1	1	1	1	1	1	1	1	0		0	0	0	1	1	1	1	1	1	1	1	1	1	1	1	0		0	0	0	1	1	1	1	1	1	1	1	1	1	1	1	0		0	0	0	1	1	1	1	1	1	1	1	1	1	1	1	0	
	0	0	0	0	0	0	0	0	0	0	0	0	0	0	0	0		0	0	0	0	0	0	0	0	0	0	0	0	0	0	0	0		0	0	0	1	1	1	1	1	1	1	1	1	1	1	1	0		0	0	0	1	1	1	1	1	1	1	1	1	1	1	1	0		0	0	0	1	1	1	1	1	1	1	1	1	1	1	1	0		0	0	0	1	1	1	1	1	1	1	1	1	1	1	1	0		0	0	0	1	1	1	1	1	1	1	1	1	1	1	1	0		0	0	0	1	1	1	1	1	1	1	1	1	1	1	1	0		0	0	0	1	1	1	1	1	1	1	1	1	1	1	1	0		0	0	0	1	1	1	1	1	1	1	1	1	1	1	1	0		0	0	0	1	1	1	1	1	1	1	1	1	1	1	1	0		0	0	0	1	1	1	1	1	1	1	1	1	1	1	1	0		0	0	0	1	1	1	1	1	1	1	1	1	1	1	1	0		0	0	0	1	1	1	1	1	1	1	1	1	1	1	1	0		0	0	0	1	1	1	1	1	1	1	1	1	1	1	1	0	
	0	0	0	0	0	0	0	0	0	0	0	0	0	0	0	0		0	0	0	0	0	0	0	0	0	0	0	0	0	0	0	0		0	0	0	1	1	1	1	1	1	1	1	1	1	1	1	0		0	0	0	1	1	1	1	1	1	1	1	1	1	1	1	0		0	0	0	1	1	1	1	1	1	1	1	1	1	1	1	0		0	0	0	1	1	1	1	1	1	1	1	1	1	1	1	0		0	0	0	1	1	1	1	1	1	1	1	1	1	1	1	0		0	0	0	1	1	1	1	1	1	1	1	1	1	1	1	0		0	0	0	1	1	1	1	1	1	1	1	1	1	1	1	0		0	0	0	1	1	1	1	1	1	1	1	1	1	1	1	0		0	0	0	1	1	1	1	1	1	1	1	1	1	1	1	0		0	0	0	1	1	1	1	1	1	1	1	1	1	1	1	0		0	0	0	1	1	1	1	1	1	1	1	1	1	1	1	0		0	0	0	1	1	1	1	1	1	1	1	1	1	1	1	0		0	0	0	1	1	1	1	1	1	1	1	1	1	1	1	0	


2 Контейнер
	0	0	0	0	0	0	0	0	0	0	0	0	0	0	0	0		0	0	0	0	0	0	0	0	0	0	0	0	0	0	0	0		0	0	0	0	0	0	0	0	0	0	0	0	0	0	0	0		0	0	0	0	0	0	0	0	0	0	0	0	0	0	0	0		0	0	0	0	0	0	0	0	0	0	0	0	0	0	0	0		0	0	0	0	0	0	0	0	0	0	0	0	0	0	0	0		0	0	0	0	0	0	0	0	0	0	0	0	0	0	0	0		0	0	0	0	0	0	0	0	0	0	0	0	0	0	0	0		0	0	0	0	0	0	0	0	0	0	0	0	0	0	0	0		0	0	0	0	0	0	0	0	0	0	0	0	0	0	0	0		0	0	0	0	0	0	0	0	0	0	0	0	0	0	0	0		0	0	0	0	0	0	0	0	0	0	0	0	0	0	0	0		0	0	0	0	0	0	0	0	0	0	0	0	0	0	0	0		0	0	0	0	0	0	0	0	0	0	0	0	0	0	0	0		0	0	0	0	0	0	0	0	0	0	0	0	0	0	0	0	
	0	0	0	0	0	0	0	0	0	0	0	0	0	0	0	0		0	0	0	0	0	0	0	0	0	0	0	0	0	0	0	0		0	0	5	5	5	5	5	5	5	5	5	5	5	5	5	0		0	0	5	5	5	5	5	5	5	5	5	5	5	5	5	0		0	0	5	5	5	5	5	5	5	5	5	5	5	5	5	0		0	0	5	5	5	5	5	5	5	5	5	5	5	5	5	0		0	0	5	5	5	5	5	5	5	5	5	5	5	5	5	0		0	0	5	5	5	5	5	5	5	5	5	5	5	5	5	0		0	0	5	5	5	5	5	5	5	5	5	5	5	5	5	0		0	0	5	5	5	5	5	5	5	5	5	5	5	5	5	0		0	0	5	5	5	5	5	5	5	5	5	5	5	5	5	0		0	0	5	5	5	5	5	5	5	5	5	5	5	5	5	0		0	0	5	5	5	5	5	5	5	5	5	5	5	5	5	0		0	0	5	5	5	5	5	5	5	5	5	5	5	5	5	0		0	0	5	5	5	5	5	5	5	5	5	5	5	5	5	0	
	0	0	0	0	0	0	0	0	0	0	0	0	0	0	0	0		0	0	0	0	0	0	0	0	0	0	0	0	0	0	0	0		0	0	5	5	5	5	5	5	5	5	5	5	5	5	5	0		0	0	5	5	5	5	5	5	5	5	5	5	5	5	5	0		0	0	5	5	5	5	5	5	5	5	5	5	5	5	5	0		0	0	5	5	5	5	5	5	5	5	5	5	5	5	5	0		0	0	5	5	5	5	5	5	5	5	5	5	5	5	5	0		0	0	5	5	5	5	5	5	5	5	5	5	5	5	5	0		0	0	5	5	5	5	5	5	5	5	5	5	5	5	5	0		0	0	5	5	5	5	5	5	5	5	5	5	5	5	5	0		0	0	5	5	5	5	5	5	5	5	5	5	5	5	5	0		0	0	5	5	5	5	5	5	5	5	5	5	5	5	5	0		0	0	5	5	5	5	5	5	5	5	5	5	5	5	5	0		0	0	5	5	5	5	5	5	5	5	5	5	5	5	5	0		0	0	5	5	5	5	5	5	5	5	5	5	5	5	5	0	
	0	0	0	0	0	0	0	0	0	0	0	0	0	0	0	0		0	0	0	0	0	0	0	0	0	0	0	0	0	0	0	0		0	0	5	5	5	5	5	5	5	5	5	5	5	5	5	0		0	0	5	5	5	5	5	5	5	5	5	5	5	5	5	0		0	0	5	5	5	5	5	5	5	5	5	5	5	5	5	0		0	0	5	5	5	5	5	5	5	5	5	5	5	5	5	0		0	0	5	5	5	5	5	5	5	5	5	5	5	5	5	0		0	0	5	5	5	5	5	5	5	5	5	5	5	5	5	0		0	0	5	5	5	5	5	5	5	5	5	5	5	5	5	0		0	0	5	5	5	5	5	5	5	5	5	5	5	5	5	0		0	0	5	5	5	5	5	5	5	5	5	5	5	5	5	0		0	0	5	5	5	5	5	5	5	5	5	5	5	5	5	0		0	0	5	5	5	5	5	5	5	5	5	5	5	5	5	0		0	0	5	5	5	5	5	5	5	5	5	5	5	5	5	0		0	0	5	5	5	5	5	5	5	5	5	5	5	5	5	0	
	0	0	0	0	0	0	0	0	0	0	0	0	0	0	0	0		0	0	0	0	0	0	0	0	0	0	0	0	0	0	0	0		0	0	5	5	5	5	5	5	5	5	5	5	5	5	5	0		0	0	5	5	5	5	5	5	5	5	5	5	5	5	5	0		0	0	5	5	5	5	5	5	5	5	5	5	5	5	5	0		0	0	5	5	5	5	5	5	5	5	5	5	5	5	5	0		0	0	5	5	5	5	5	5	5	5	5	5	5	5	5	0		0	0	5	5	5	5	5	5	5	5	5	5	5	5	5	0		0	0	5	5	5	5	5	5	5	5	5	5	5	5	5	0		0	0	5	5	5	5	5	5	5	5	5	5	5	5	5	0		0	0	5	5	5	5	5	5	5	5	5	5	5	5	5	0		0	0	5	5	5	5	5	5	5	5	5	5	5	5	5	0		0	0	5	5	5	5	5	5	5	5	5	5	5	5	5	0		0	0	5	5	5	5	5	5	5	5	5	5	5	5	5	0		0	0	5	5	5	5	5	5	5	5	5	5	5	5	5	0	
	0	0	0	0	0	0	0	0	0	0	0	0	0	0	0	0		0	0	0	0	0	0	0	0	0	0	0	0	0	0	0	0		0	0	5	5	5	5	5	5	5	5	5	5	5	5	5	0		0	0	5	5	5	5	5	5	5	5	5	5	5	5	5	0		0	0	5	5	5	5	5	5	5	5	5	5	5	5	5	0		0	0	5	5	5	5	5	5	5	5	5	5	5	5	5	0		0	0	5	5	5	5	5	5	5	5	5	5	5	5	5	0		0	0	5	5	5	5	5	5	5	5	5	5	5	5	5	0		0	0	5	5	5	5	5	5	5	5	5	5	5	5	5	0		0	0	5	5	5	5	5	5	5	5	5	5	5	5	5	0		0	0	5	5	5	5	5	5	5	5	5	5	5	5	5	0		0	0	5	5	5	5	5	5	5	5	5	5	5	5	5	0		0	0	5	5	5	5	5	5	5	5	5	5	5	5	5	0		0	0	5	5	5	5	5	5	5	5	5	5	5	5	5	0		0	0	5	5	5	5	5	5	5	5	5	5	5	5	5	0	
	0	0	0	0	0	0	0	0	0	0	0	0	0	0	0	0		0	0	0	0	0	0	0	0	0	0	0	0	0	0	0	0		0	0	5	5	5	5	5	5	5	5	5	5	5	5	5	0		0	0	5	5	5	5	5	5	5	5	5	5	5	5	5	0		0	0	5	5	5	5	5	5	5	5	5	5	5	5	5	0		0	0	5	5	5	5	5	5	5	5	5	5	5	5	5	0		0	0	5	5	5	5	5	5	5	5	5	5	5	5	5	0		0	0	5	5	5	5	5	5	5	5	5	5	5	5	5	0		0	0	5	5	5	5	5	5	5	5	5	5	5	5	5	0		0	0	5	5	5	5	5	5	5	5	5	5	5	5	5	0		0	0	5	5	5	5	5	5	5	5	5	5	5	5	5	0		0	0	5	5	5	5	5	5	5	5	5	5	5	5	5	0		0	0	5	5	5	5	5	5	5	5	5	5	5	5	5	0		0	0	5	5	5	5	5	5	5	5	5	5	5	5	5	0		0	0	5	5	5	5	5	5	5	5	5	5	5	5	5	0	
	0	0	0	0	0	0	0	0	0	0	0	0	0	0	0	0		0	0	0	0	0	0	0	0	0	0	0	0	0	0	0	0		0	0	5	5	5	5	5	5	5	5	5	5	5	5	5	0		0	0	5	5	5	5	5	5	5	5	5	5	5	5	5	0		0	0	5	5	5	5	5	5	5	5	5	5	5	5	5	0		0	0	5	5	5	5	5	5	5	5	5	5	5	5	5	0		0	0	5	5	5	5	5	5	5	5	5	5	5	5	5	0		0	0	5	5	5	5	5	5	5	5	5	5	5	5	5	0		0	0	5	5	5	5	5	5	5	5	5	5	5	5	5	0		0	0	5	5	5	5	5	5	5	5	5	5	5	5	5	0		0	0	5	5	5	5	5	5	5	5	5	5	5	5	5	0		0	0	5	5	5	5	5	5	5	5	5	5	5	5	5	0		0	0	5	5	5	5	5	5	5	5	5	5	5	5	5	0		0	0	5	5	5	5	5	5	5	5	5	5	5	5	5	0		0	0	5	5	5	5	5	5	5	5	5	5	5	5	5	0	
	0	0	0	0	0	0	0	0	0	0	0	0	0	0	0	0		0	0	0	0	0	0	0	0	0	0	0	0	0	0	0	0		0	0	5	5	5	5	5	5	5	5	5	5	5	5	5	0		0	0	5	5	5	5	5	5	5	5	5	5	5	5	5	0		0	0	5	5	5	5	5	5	5	5	5	5	5	5	5	0		0	0	5	5	5	5	5	5	5	5	5	5	5	5	5	0		0	0	5	5	5	5	5	5	5	5	5	5	5	5	5	0		0	0	5	5	5	5	5	5	5	5	5	5	5	5	5	0		0	0	5	5	5	5	5	5	5	5	5	5	5	5	5	0		0	0	5	5	5	5	5	5	5	5	5	5	5	5	5	0		0	0	5	5	5	5	5	5	5	5	5	5	5	5	5	0		0	0	5	5	5	5	5	5	5	5	5	5	5	5	5	0		0	0	5	5	5	5	5	5	5	5	5	5	5	5	5	0		0	0	5	5	5	5	5	5	5	5	5	5	5	5	5	0		0	0	5	5	5	5	5	5	5	5	5	5	5	5	5	0	
	0	0	0	0	0	0	0	0	0	0	0	0	0	0	0	0		0	0	0	0	0	0	0	0	0	0	0	0	0	0	0	0		0	0	5	5	5	5	5	5	5	5	5	5	5	5	5	0		0	0	5	5	5	5	5	5	5	5	5	5	5	5	5	0		0	0	5	5	5	5	5	5	5	5	5	5	5	5	5	0		0	0	5	5	5	5	5	5	5	5	5	5	5	5	5	0		0	0	5	5	5	5	5	5	5	5	5	5	5	5	5	0		0	0	5	5	5	5	5	5	5	5	5	5	5	5	5	0		0	0	5	5	5	5	5	5	5	5	5	5	5	5	5	0		0	0	5	5	5	5	5	5	5	5	5	5	5	5	5	0		0	0	5	5	5	5	5	5	5	5	5	5	5	5	5	0		0	0	5	5	5	5	5	5	5	5	5	5	5	5	5	0		0	0	5	5	5	5	5	5	5	5	5	5	5	5	5	0		0	0	5	5	5	5	5	5	5	5	5	5	5	5	5	0		0	0	5	5	5	5	5	5	5	5	5	5	5	5	5	0	
	0	0	0	0	0	0	0	0	0	0	0	0	0	0	0	0		0	0	0	0	0	0	0	0	0	0	0	0	0	0	0	0		0	0	5	5	5	5	5	5	5	5	5	5	5	5	5	0		0	0	5	5	5	5	5	5	5	5	5	5	5	5	5	0		0	0	5	5	5	5	5	5	5	5	5	5	5	5	5	0		0	0	5	5	5	5	5	5	5	5	5	5	5	5	5	0		0	0	5	5	5	5	5	5	5	5	5	5	5	5	5	0		0	0	5	5	5	5	5	5	5	5	5	5	5	5	5	0		0	0	5	5	5	5	5	5	5	5	5	5	5	5	5	0		0	0	5	5	5	5	5	5	5	5	5	5	5	5	5	0		0	0	5	5	5	5	5	5	5	5	5	5	5	5	5	0		0	0	5	5	5	5	5	5	5	5	5	5	5	5	5	0		0	0	5	5	5	5	5	5	5	5	5	5	5	5	5	0		0	0	5	5	5	5	5	5	5	5	5	5	5	5	5	0		0	0	5	5	5	5	5	5	5	5	5	5	5	5	5	0	
	0	0	0	0	0	0	0	0	0	0	0	0	0	0	0	0		0	0	0	0	0	0	0	0	0	0	0	0	0	0	0	0		0	0	5	5	5	5	5	5	5	5	5	5	5	5	5	0		0	0	5	5	5	5	5	5	5	5	5	5	5	5	5	0		0	0	5	5	5	5	5	5	5	5	5	5	5	5	5	0		0	0	5	5	5	5	5	5	5	5	5	5	5	5	5	0		0	0	5	5	5	5	5	5	5	5	5	5	5	5	5	0		0	0	5	5	5	5	5	5	5	5	5	5	5	5	5	0		0	0	5	5	5	5	5	5	5	5	5	5	5	5	5	0		0	0	5	5	5	5	5	5	5	5	5	5	5	5	5	0		0	0	5	5	5	5	5	5	5	5	5	5	5	5	5	0		0	0	5	5	5	5	5	5	5	5	5	5	5	5	5	0		0	0	5	5	5	5	5	5	5	5	5	5	5	5	5	0		0	0	5	5	5	5	5	5	5	5	5	5	5	5	5	0		0	0	5	5	5	5	5	5	5	5	5	5	5	5	5	0	
	0	0	0	0	0	0	0	0	0	0	0	0	0	0	0	0		0	0	0	0	0	0	0	0	0	0	0	0	0	0	0	0		0	0	5	5	5	5	5	5	5	5	5	5	5	5	5	0		0	0	5	5	5	5	5	5	5	5	5	5	5	5	5	0		0	0	5	5	5	5	5	5	5	5	5	5	5	5	5	0		0	0	5	5	5	5	5	5	5	5	5	5	5	5	5	0		0	0	5	5	5	5	5	5	5	5	5	5	5	5	5	0		0	0	5	5	5	5	5	5	5	5	5	5	5	5	5	0		0	0	5	5	5	5	5	5	5	5	5	5	5	5	5	0		0	0	5	5	5	5	5	5	5	5	5	5	5	5	5	0		0	0	5	5	5	5	5	5	5	5	5	5	5	5	5	0		0	0	5	5	5	5	5	5	5	5	5	5	5	5	5	0		0	0	5	5	5	5	5	5	5	5	5	5	5	5	5	0		0	0	5	5	5	5	5	5	5	5	5	5	5	5	5	0		0	0	5	5	5	5	5	5	5	5	5	5	5	5	5	0	
	0	0	0	0	0	0	0	0	0	0	0	0	0	0	0	0		0	0	0	0	0	0	0	0	0	0	0	0	0	0	0	0		0	0	5	5	5	5	5	5	5	5	5	5	5	5	5	0		0	0	5	5	5	5	5	5	5	5	5	5	5	5	5	0		0	0	5	5	5	5	5	5	5	5	5	5	5	5	5	0		0	0	5	5	5	5	5	5	5	5	5	5	5	5	5	0		0	0	5	5	5	5	5	5	5	5	5	5	5	5	5	0		0	0	5	5	5	5	5	5	5	5	5	5	5	5	5	0		0	0	5	5	5	5	5	5	5	5	5	5	5	5	5	0		0	0	5	5	5	5	5	5	5	5	5	5	5	5	5	0		0	0	5	5	5	5	5	5	5	5	5	5	5	5	5	0		0	0	5	5	5	5	5	5	5	5	5	5	5	5	5	0		0	0	5	5	5	5	5	5	5	5	5	5	5	5	5	0		0	0	5	5	5	5	5	5	5	5	5	5	5	5	5	0		0	0	5	5	5	5	5	5	5	5	5	5	5	5	5	0	


3 Контейнер
	2	2	2	2	2	2	2	2	2	2	2	2	2	2	2	2		2	2	2	2	2	2	2	2	2	2	2	2	2	2	2	2		2	2	2	2	2	2	2	2	2	2	2	2	2	2	2	2		2	2	2	2	2	2	2	2	2	2	2	2	2	2	2	2		2	2	2	2	2	2	2	2	2	2	2	2	2	2	2	2		2	2	2	2	2	2	2	2	2	2	2	2	2	2	2	2		2	2	2	2	2	2	2	2	2	2	2	2	2	2	2	2		2	2	2	2	2	2	2	2	2	2	2	2	2	2	2	2		2	2	2	2	2	2	2	2	2	2	2	2	2	2	2	2		2	2	2	2	2	2	2	2	2	2	2	2	2	2	2	2		2	2	2	2	2	2	2	2	2	2	2	2	2	2	2	2		2	2	2	2	2	2	2	2	2	2	2	2	2	2	2	2		2	2	2	2	2	2	2	2	2	2	2	2	2	2	2	2		2	2	2	2	2	2	2	2	2	2	2	2	2	2	2	2		2	2	2	2	2	2	2	2	2	2	2	2	2	2	2	2	
	2	2	2	2	2	2	2	2	2	2	2	2	2	2	2	2		2	2	2	2	2	2	2	2	2	2	2	2	2	2	2	2		2	2	2	2	2	2	2	2	2	2	2	2	2	2	2	2		2	2	2	2	2	2	2	2	2	2	2	2	2	2	2	2		2	2	2	2	2	2	2	2	2	2	2	2	2	2	2	2		2	2	2	2	2	2	2	2	2	2	2	2	2	2	2	2		2	2	2	2	2	2	2	2	2	2	2	2	2	2	2	2		2	2	2	2	2	2	2	2	2	2	2	2	2	2	2	2		2	2	2	2	2	2	2	2	2	2	2	2	2	2	2	2		2	2	2	2	2	2	2	2	2	2	2	2	2	2	2	2		2	2	2	2	2	2	2	2	2	2	2	2	2	2	2	2		2	2	2	2	2	2	2	2	2	2	2	2	2	2	2	2		2	2	2	2	2	2	2	2	2	2	2	2	2	2	2	2		2	2	2	2	2	2	2	2	2	2	2	2	2	2	2	2		2	2	2	2	2	2	2	2	2	2	2	2	2	2	2	2	
	2	2	2	2	2	2	2	2	2	2	2	2	2	2	2	2		2	2	2	2	2	2	2	2	2	2	2	2	2	2	2	2		2	2	2	2	2	2	2	2	2	2	2	2	2	2	2	2		2	2	2	2	2	2	2	2	2	2	2	2	2	2	2	2		2	2	2	2	2	2	2	2	2	2	2	2	2	2	2	2		2	2	2	2	2	2	2	2	2	2	2	2	2	2	2	2		2	2	2	2	2	2	2	2	2	2	2	2	2	2	2	2		2	2	2	2	2	2	2	2	2	2	2	2	2	2	2	2		2	2	2	2	2	2	2	2	2	2	2	2	2	2	2	2		2	2	2	2	2	2	2	2	2	2	2	2	2	2	2	2		2	2	2	2	2	2	2	2	2	2	2	2	2	2	2	2		2	2	2	2	2	2	2	2	2	2	2	2	2	2	2	2		2	2	2	2	2	2	2	2	2	2	2	2	2	2	2	2		2	2	2	2	2	2	2	2	2	2	2	2	2	2	2	2		2	2	2	2	2	2	2	2	2	2	2	2	2	2	2	2	
	2	2	2	2	2	2	2	2	2	2	2	2	2	2	2	2		2	2	2	2	2	2	2	2	2	2	2	2	2	2	2	2		2	2	2	2	2	2	2	2	2	2	2	2	2	2	2	2		2	2	2	2	2	2	2	2	2	2	2	2	2	2	2	2		2	2	2	2	2	2	2	2	2	2	2	2	2	2	2	2		2	2	2	2	2	2	2	2	2	2	2	2	2	2	2	2		2	2	2	2	2	2	2	2	2	2	2	2	2	2	2	2		2	2	2	2	2	2	2	2	2	2	2	2	2	2	2	2		2	2	2	2	2	2	2	2	2	2	2	2	2	2	2	2		2	2	2	2	2	2	2	2	2	2	2	2	2	2	2	2		2	2	2	2	2	2	2	2	2	2	2	2	2	2	2	2		2	2	2	2	2	2	2	2	2	2	2	2	2	2	2	2		2	2	2	2	2	2	2	2	2	2	2	2	2	2	2	2		2	2	2	2	2	2	2	2	2	2	2	2	2	2	2	2		2	2	2	2	2	2	2	2	2	2	2	2	2	2	2	2	
	2	2	2	2	2	2	2	2	2	2	2	2	2	2	2	2		2	2	2	2	2	2	2	2	2	2	2	2	2	2	2	2		2	2	2	2	2	2	2	2	2	2	2	2	2	2	2	2		2	2	2	2	2	2	2	2	2	2	2	2	2	2	2	2		2	2	2	2	2	2	2	2	2	2	2	2	2	2	2	2		2	2	2	2	2	2	2	2	2	2	2	2	2	2	2	2		2	2	2	2	2	2	2	2	2	2	2	2	2	2	2	2		2	2	2	2	2	2	2	2	2	2	2	2	2	2	2	2		2	2	2	2	2	2	2	2	2	2	2	2	2	2	2	2		2	2	2	2	2	2	2	2	2	2	2	2	2	2	2	2		2	2	2	2	2	2	2	2	2	2	2	2	2	2	2	2		2	2	2	2	2	2	2	2	2	2	2	2	2	2	2	2		2	2	2	2	2	2	2	2	2	2	2	2	2	2	2	2		2	2	2	2	2	2	2	2	2	2	2	2	2	2	2	2		2	2	2	2	2	2	2	2	2	2	2	2	2	2	2	2	
	2	2	2	2	2	2	2	2	2	2	2	2	2	2	2	2		2	2	2	2	2	2	2	2	2	2	2	2	2	2	2	2		2	2	2	2	2	2	2	2	2	2	2	2	2	2	2	2		2	2	2	2	2	2	2	2	2	2	2	2	2	2	2	2		2	2	2	2	2	2	2	2	2	2	2	2	2	2	2	2		2	2	2	2	2	2	2	2	2	2	2	2	2	2	2	2		2	2	2	2	2	2	2	2	2	2	2	2	2	2	2	2		2	2	2	2	2	2	2	2	2	2	2	2	2	2	2	2		2	2	2	2	2	2	2	2	2	2	2	2	2	2	2	2		2	2	2	2	2	2	2	2	2	2	2	2	2	2	2	2		2	2	2	2	2	2	2	2	2	2	2	2	2	2	2	2		2	2	2	2	2	2	2	2	2	2	2	2	2	2	2	2		2	2	2	2	2	2	2	2	2	2	2	2	2	2	2	2		2	2	2	2	2	2	2	2	2	2	2	2	2	2	2	2		2	2	2	2	2	2	2	2	2	2	2	2	2	2	2	2	
	2	2	2	2	2	2	2	2	2	2	2	2	2	2	2	2		2	2	2	2	2	2	2	2	2	2	2	2	2	2	2	2		2	2	2	2	2	2	2	2	2	2	2	2	2	2	2	2		2	2	2	2	2	2	2	2	2	2	2	2	2	2	2	2		2	2	2	2	2	2	2	2	2	2	2	2	2	2	2	2		2	2	2	2	2	2	2	2	2	2	2	2	2	2	2	2		2	2	2	2	2	2	2	2	2	2	2	2	2	2	2	2		2	2	2	2	2	2	2	2	2	2	2	2	2	2	2	2		2	2	2	2	2	2	2	2	2	2	2	2	2	2	2	2		2	2	2	2	2	2	2	2	2	2	2	2	2	2	2	2		2	2	2	2	2	2	2	2	2	2	2	2	2	2	2	2		2	2	2	2	2	2	2	2	2	2	2	2	2	2	2	2		2	2	2	2	2	2	2	2	2	2	2	2	2	2	2	2		2	2	2	2	2	2	2	2	2	2	2	2	2	2	2	2		2	2	2	2	2	2	2	2	2	2	2	2	2	2	2	2	
	2	2	2	2	2	2	2	2	2	2	2	2	2	2	2	2		2	2	2	2	2	2	2	2	2	2	2	2	2	2	2	2		2	2	2	2	2	2	2	2	2	2	2	2	2	2	2	2		2	2	2	2	2	2	2	2	2	2	2	2	2	2	2	2		2	2	2	2	2	2	2	2	2	2	2	2	2	2	2	2		2	2	2	2	2	2	2	2	2	2	2	2	2	2	2	2		2	2	2	2	2	2	2	2	2	2	2	2	2	2	2	2		2	2	2	2	2	2	2	2	2	2	2	2	2	2	2	2		2	2	2	2	2	2	2	2	2	2	2	2	2	2	2	2		2	2	2	2	2	2	2	2	2	2	2	2	2	2	2	2		2	2	2	2	2	2	2	2	2	2	2	2	2	2	2	2		2	2	2	2	2	2	2	2	2	2	2	2	2	2	2	2		2	2	2	2	2	2	2	2	2	2	2	2	2	2	2	2		2	2	2	2	2	2	2	2	2	2	2	2	2	2	2	2		2	2	2	2	2	2	2	2	2	2	2	2	2	2	2	2	
	2	2	2	2	2	2	2	2	2	2	2	2	2	2	2	2		2	2	2	2	2	2	2	2	2	2	2	2	2	2	2	2		2	2	2	2	2	2	2	2	2	2	2	2	2	2	2	2		2	2	2	2	2	2	2	2	2	2	2	2	2	2	2	2		2	2	2	2	2	2	2	2	2	2	2	2	2	2	2	2		2	2	2	2	2	2	2	2	2	2	2	2	2	2	2	2		2	2	2	2	2	2	2	2	2	2	2	2	2	2	2	2		2	2	2	2	2	2	2	2	2	2	2	2	2	2	2	2		2	2	2	2	2	2	2	2	2	2	2	2	2	2	2	2		2	2	2	2	2	2	2	2	2	2	2	2	2	2	2	2		2	2	2	2	2	2	2	2	2	2	2	2	2	2	2	2		2	2	2	2	2	2	2	2	2	2	2	2	2	2	2	2		2	2	2	2	2	2	2	2	2	2	2	2	2	2	2	2		2	2	2	2	2	2	2	2	2	2	2	2	2	2	2	2		2	2	2	2	2	2	2	2	2	2	2	2	2	2	2	2	
	2	2	2	2	2	2	2	2	2	2	2	2	2	2	2	2		2	2	2	2	2	2	2	2	2	2	2	2	2	2	2	2		2	2	2	2	2	2	2	2	2	2	2	2	2	2	2	2		2	2	2	2	2	2	2	2	2	2	2	2	2	2	2	2		2	2	2	2	2	2	2	2	2	2	2	2	2	2	2	2		2	2	2	2	2	2	2	2	2	2	2	2	2	2	2	2		2	2	2	2	2	2	2	2	2	2	2	2	2	2	2	2		2	2	2	2	2	2	2	2	2	2	2	2	2	2	2	2		2	2	2	2	2	2	2	2	2	2	2	2	2	2	2	2		2	2	2	2	2	2	2	2	2	2	2	2	2	2	2	2		2	2	2	2	2	2	2	2	2	2	2	2	2	2	2	2		2	2	2	2	2	2	2	2	2	2	2	2	2	2	2	2		2	2	2	2	2	2	2	2	2	2	2	2	2	2	2	2		2	2	2	2	2	2	2	2	2	2	2	2	2	2	2	2		2	2	2	2	2	2	2	2	2	2	2	2	2	2	2	2	
	2	2	2	2	2	2	2	2	2	2	2	2	2	2	2	2		2	2	2	2	2	2	2	2	2	2	2	2	2	2	2	2		2	2	2	2	2	2	2	2	2	2	2	2	2	2	2	2		2	2	2	2	2	2	2	2	2	2	2	2	2	2	2	2		2	2	2	2	2	2	2	2	2	2	2	2	2	2	2	2		2	2	2	2	2	2	2	2	2	2	2	2	2	2	2	2		2	2	2	2	2	2	2	2	2	2	2	2	2	2	2	2		2	2	2	2	2	2	2	2	2	2	2	2	2	2	2	2		2	2	2	2	2	2	2	2	2	2	2	2	2	2	2	2		2	2	2	2	2	2	2	2	2	2	2	2	2	2	2	2		2	2	2	2	2	2	2	2	2	2	2	2	2	2	2	2		2	2	2	2	2	2	2	2	2	2	2	2	2	2	2	2		2	2	2	2	2	2	2	2	2	2	2	2	2	2	2	2		2	2	2	2	2	2	2	2	2	2	2	2	2	2	2	2		2	2	2	2	2	2	2	2	2	2	2	2	2	2	2	2	
	2	2	2	2	2	2	2	2	2	2	2	2	2	2	2	2		2	2	2	2	2	2	2	2	2	2	2	2	2	2	2	2		2	2	2	2	2	2	2	2	2	2	2	2	2	2	2	2		2	2	2	2	2	2	2	2	2	2	2	2	2	2	2	2		2	2	2	2	2	2	2	2	2	2	2	2	2	2	2	2		2	2	2	2	2	2	2	2	2	2	2	2	2	2	2	2		2	2	2	2	2	2	2	2	2	2	2	2	2	2	2	2		2	2	2	2	2	2	2	2	2	2	2	2	2	2	2	2		2	2	2	2	2	2	2	2	2	2	2	2	2	2	2	2		2	2	2	2	2	2	2	2	2	2	2	2	2	2	2	2		2	2	2	2	2	2	2	2	2	2	2	2	2	2	2	2		2	2	2	2	2	2	2	2	2	2	2	2	2	2	2	2		2	2	2	2	2	2	2	2	2	2	2	2	2	2	2	2		2	2	2	2	2	2	2	2	2	2	2	2	2	2	2	2		2	2	2	2	2	2	2	2	2	2	2	2	2	2	2	2	
	2	2	2	2	2	2	2	2	2	2	2	2	2	2	2	2		2	2	2	2	2	2	2	2	2	2	2	2	2	2	2	2		2	2	2	2	2	2	2	2	2	2	2	2	2	2	2	2		2	2	2	2	2	2	2	2	2	2	2	2	2	2	2	2		2	2	2	2	2	2	2	2	2	2	2	2	2	2	2	2		2	2	2	2	2	2	2	2	2	2	2	2	2	2	2	2		2	2	2	2	2	2	2	2	2	2	2	2	2	2	2	2		2	2	2	2	2	2	2	2	2	2	2	2	2	2	2	2		2	2	2	2	2	2	2	2	2	2	2	2	2	2	2	2		2	2	2	2	2	2	2	2	2	2	2	2	2	2	2	2		2	2	2	2	2	2	2	2	2	2	2	2	2	2	2	2		2	2	2	2	2	2	2	2	2	2	2	2	2	2	2	2		2	2	2	2	2	2	2	2	2	2	2	2	2	2	2	2		2	2	2	2	2	2	2	2	2	2	2	2	2	2	2	2		2	2	2	2	2	2	2	2	2	2	2	2	2	2	2	2	
	2	2	2	2	2	2	2	2	2	2	2	2	2	2	2	2		2	2	2	2	2	2	2	2	2	2	2	2	2	2	2	2		2	2	2	2	2	2	2	2	2	2	2	2	2	2	2	2		2	2	2	2	2	2	2	2	2	2	2	2	2	2	2	2		2	2	2	2	2	2	2	2	2	2	2	2	2	2	2	2		2	2	2	2	2	2	2	2	2	2	2	2	2	2	2	2		2	2	2	2	2	2	2	2	2	2	2	2	2	2	2	2		2	2	2	2	2	2	2	2	2	2	2	2	2	2	2	2		2	2	2	2	2	2	2	2	2	2	2	2	2	2	2	2		2	2	2	2	2	2	2	2	2	2	2	2	2	2	2	2		2	2	2	2	2	2	2	2	2	2	2	2	2	2	2	2		2	2	2	2	2	2	2	2	2	2	2	2	2	2	2	2		2	2	2	2	2	2	2	2	2	2	2	2	2	2	2	2		2	2	2	2	2	2	2	2	2	2	2	2	2	2	2	2		2	2	2	2	2	2	2	2	2	2	2	2	2	2	2	2	


4 Контейнер
	0	0	0	0	0	0	0	0	0	0	0	0	0	0	0	0		3	3	3	3	3	3	3	3	3	3	3	3	0	0	0	0		3	3	3	3	3	3	3	3	3	3	3	3	0	0	0	0		3	3	3	3	3	3	3	3	3	3	3	3	0	0	0	0		3	3	3	3	3	3	3	3	3	3	3	3	0	0	0	0		3	3	3	3	3	3	3	3	3	3	3	3	0	0	0	0		3	3	3	3	3	3	3	3	3	3	3	3	0	0	0	0		3	3	3	3	3	3	3	3	3	3	3	3	0	0	0	0		3	3	3	3	3	3	3	3	3	3	3	3	0	0	0	0		3	3	3	3	3	3	3	3	3	3	3	3	0	0	0	0		3	3	3	3	3	3	3	3	3	3	3	3	0	0	0	0		3	3	3	3	3	3	3	3	3	3	3	3	0	0	0	0		3	3	3	3	3	3	3	3	3	3	3	3	0	0	0	0		3	3	3	3	3	3	3	3	3	3	3	3	0	0	0	0		0	0	0	0	0	0	0	0	0	0	0	0	0	0	0	0	
	0	0	0	0	0	0	0	0	0	0	0	0	0	0	0	0		3	3	3	3	3	3	3	3	3	3	3	3	0	0	0	0		3	3	3	3	3	3	3	3	3	3	3	3	0	0	0	0		3	3	3	3	3	3	3	3	3	3	3	3	0	0	0	0		3	3	3	3	3	3	3	3	3	3	3	3	0	0	0	0		3	3	3	3	3	3	3	3	3	3	3	3	0	0	0	0		3	3	3	3	3	3	3	3	3	3	3	3	0	0	0	0		3	3	3	3	3	3	3	3	3	3	3	3	0	0	0	0		3	3	3	3	3	3	3	3	3	3	3	3	0	0	0	0		3	3	3	3	3	3	3	3	3	3	3	3	0	0	0	0		3	3	3	3	3	3	3	3	3	3	3	3	0	0	0	0		3	3	3	3	3	3	3	3	3	3	3	3	0	0	0	0		3	3	3	3	3	3	3	3	3	3	3	3	0	0	0	0		3	3	3	3	3	3	3	3	3	3	3	3	0	0	0	0		0	0	0	0	0	0	0	0	0	0	0	0	0	0	0	0	
	0	0	0	0	0	0	0	0	0	0	0	0	0	0	0	0		3	3	3	3	3	3	3	3	3	3	3	3	0	0	0	0		3	3	3	3	3	3	3	3	3	3	3	3	0	0	0	0		3	3	3	3	3	3	3	3	3	3	3	3	0	0	0	0		3	3	3	3	3	3	3	3	3	3	3	3	0	0	0	0		3	3	3	3	3	3	3	3	3	3	3	3	0	0	0	0		3	3	3	3	3	3	3	3	3	3	3	3	0	0	0	0		3	3	3	3	3	3	3	3	3	3	3	3	0	0	0	0		3	3	3	3	3	3	3	3	3	3	3	3	0	0	0	0		3	3	3	3	3	3	3	3	3	3	3	3	0	0	0	0		3	3	3	3	3	3	3	3	3	3	3	3	0	0	0	0		3	3	3	3	3	3	3	3	3	3	3	3	0	0	0	0		3	3	3	3	3	3	3	3	3	3	3	3	0	0	0	0		3	3	3	3	3	3	3	3	3	3	3	3	0	0	0	0		0	0	0	0	0	0	0	0	0	0	0	0	0	0	0	0	
	0	0	0	0	0	0	0	0	0	0	0	0	0	0	0	0		3	3	3	3	3	3	3	3	3	3	3	3	0	0	0	0		3	3	3	3	3	3	3	3	3	3	3	3	0	0	0	0		3	3	3	3	3	3	3	3	3	3	3	3	0	0	0	0		3	3	3	3	3	3	3	3	3	3	3	3	0	0	0	0		3	3	3	3	3	3	3	3	3	3	3	3	0	0	0	0		3	3	3	3	3	3	3	3	3	3	3	3	0	0	0	0		3	3	3	3	3	3	3	3	3	3	3	3	0	0	0	0		3	3	3	3	3	3	3	3	3	3	3	3	0	0	0	0		3	3	3	3	3	3	3	3	3	3	3	3	0	0	0	0		3	3	3	3	3	3	3	3	3	3	3	3	0	0	0	0		3	3	3	3	3	3	3	3	3	3	3	3	0	0	0	0		3	3	3	3	3	3	3	3	3	3	3	3	0	0	0	0		3	3	3	3	3	3	3	3	3	3	3	3	0	0	0	0		0	0	0	0	0	0	0	0	0	0	0	0	0	0	0	0	
	0	0	0	0	0	0	0	0	0	0	0	0	0	0	0	0		3	3	3	3	3	3	3	3	3	3	3	3	0	0	0	0		3	3	3	3	3	3	3	3	3	3	3	3	0	0	0	0		3	3	3	3	3	3	3	3	3	3	3	3	0	0	0	0		3	3	3	3	3	3	3	3	3	3	3	3	0	0	0	0		3	3	3	3	3	3	3	3	3	3	3	3	0	0	0	0		3	3	3	3	3	3	3	3	3	3	3	3	0	0	0	0		3	3	3	3	3	3	3	3	3	3	3	3	0	0	0	0		3	3	3	3	3	3	3	3	3	3	3	3	0	0	0	0		3	3	3	3	3	3	3	3	3	3	3	3	0	0	0	0		3	3	3	3	3	3	3	3	3	3	3	3	0	0	0	0		3	3	3	3	3	3	3	3	3	3	3	3	0	0	0	0		3	3	3	3	3	3	3	3	3	3	3	3	0	0	0	0		3	3	3	3	3	3	3	3	3	3	3	3	0	0	0	0		0	0	0	0	0	0	0	0	0	0	0	0	0	0	0	0	
	0	0	0	0	0	0	0	0	0	0	0	0	0	0	0	0		3	3	3	3	3	3	3	3	3	3	3	3	0	0	0	0		3	3	3	3	3	3	3	3	3	3	3	3	0	0	0	0		3	3	3	3	3	3	3	3	3	3	3	3	0	0	0	0		3	3	3	3	3	3	3	3	3	3	3	3	0	0	0	0		3	3	3	3	3	3	3	3	3	3	3	3	0	0	0	0		3	3	3	3	3	3	3	3	3	3	3	3	0	0	0	0		3	3	3	3	3	3	3	3	3	3	3	3	0	0	0	0		3	3	3	3	3	3	3	3	3	3	3	3	0	0	0	0		3	3	3	3	3	3	3	3	3	3	3	3	0	0	0	0		3	3	3	3	3	3	3	3	3	3	3	3	0	0	0	0		3	3	3	3	3	3	3	3	3	3	3	3	0	0	0	0		3	3	3	3	3	3	3	3	3	3	3	3	0	0	0	0		3	3	3	3	3	3	3	3	3	3	3	3	0	0	0	0		0	0	0	0	0	0	0	0	0	0	0	0	0	0	0	0	
	0	0	0	0	0	0	0	0	0	0	0	0	0	0	0	0		3	3	3	3	3	3	3	3	3	3	3	3	0	0	0	0		3	3	3	3	3	3	3	3	3	3	3	3	0	0	0	0		3	3	3	3	3	3	3	3	3	3	3	3	0	0	0	0		3	3	3	3	3	3	3	3	3	3	3	3	0	0	0	0		3	3	3	3	3	3	3	3	3	3	3	3	0	0	0	0		3	3	3	3	3	3	3	3	3	3	3	3	0	0	0	0		3	3	3	3	3	3	3	3	3	3	3	3	0	0	0	0		3	3	3	3	3	3	3	3	3	3	3	3	0	0	0	0		3	3	3	3	3	3	3	3	3	3	3	3	0	0	0	0		3	3	3	3	3	3	3	3	3	3	3	3	0	0	0	0		3	3	3	3	3	3	3	3	3	3	3	3	0	0	0	0		3	3	3	3	3	3	3	3	3	3	3	3	0	0	0	0		3	3	3	3	3	3	3	3	3	3	3	3	0	0	0	0		0	0	0	0	0	0	0	0	0	0	0	0	0	0	0	0	
	0	0	0	0	0	0	0	0	0	0	0	0	0	0	0	0		3	3	3	3	3	3	3	3	3	3	3	3	0	0	0	0		3	3	3	3	3	3	3	3	3	3	3	3	0	0	0	0		3	3	3	3	3	3	3	3	3	3	3	3	0	0	0	0		3	3	3	3	3	3	3	3	3	3	3	3	0	0	0	0		3	3	3	3	3	3	3	3	3	3	3	3	0	0	0	0		3	3	3	3	3	3	3	3	3	3	3	3	0	0	0	0		3	3	3	3	3	3	3	3	3	3	3	3	0	0	0	0		3	3	3	3	3	3	3	3	3	3	3	3	0	0	0	0		3	3	3	3	3	3	3	3	3	3	3	3	0	0	0	0		3	3	3	3	3	3	3	3	3	3	3	3	0	0	0	0		3	3	3	3	3	3	3	3	3	3	3	3	0	0	0	0		3	3	3	3	3	3	3	3	3	3	3	3	0	0	0	0		3	3	3	3	3	3	3	3	3	3	3	3	0	0	0	0		0	0	0	0	0	0	0	0	0	0	0	0	0	0	0	0	
	0	0	0	0	0	0	0	0	0	0	0	0	0	0	0	0		3	3	3	3	3	3	3	3	3	3	3	3	0	0	0	0		3	3	3	3	3	3	3	3	3	3	3	3	0	0	0	0		3	3	3	3	3	3	3	3	3	3	3	3	0	0	0	0		3	3	3	3	3	3	3	3	3	3	3	3	0	0	0	0		3	3	3	3	3	3	3	3	3	3	3	3	0	0	0	0		3	3	3	3	3	3	3	3	3	3	3	3	0	0	0	0		3	3	3	3	3	3	3	3	3	3	3	3	0	0	0	0		3	3	3	3	3	3	3	3	3	3	3	3	0	0	0	0		3	3	3	3	3	3	3	3	3	3	3	3	0	0	0	0		3	3	3	3	3	3	3	3	3	3	3	3	0	0	0	0		3	3	3	3	3	3	3	3	3	3	3	3	0	0	0	0		3	3	3	3	3	3	3	3	3	3	3	3	0	0	0	0		3	3	3	3	3	3	3	3	3	3	3	3	0	0	0	0		0	0	0	0	0	0	0	0	0	0	0	0	0	0	0	0	
	0	0	0	0	0	0	0	0	0	0	0	0	0	0	0	0		3	3	3	3	3	3	3	3	3	3	3	3	0	0	0	0		3	3	3	3	3	3	3	3	3	3	3	3	0	0	0	0		3	3	3	3	3	3	3	3	3	3	3	3	0	0	0	0		3	3	3	3	3	3	3	3	3	3	3	3	0	0	0	0		3	3	3	3	3	3	3	3	3	3	3	3	0	0	0	0		3	3	3	3	3	3	3	3	3	3	3	3	0	0	0	0		3	3	3	3	3	3	3	3	3	3	3	3	0	0	0	0		3	3	3	3	3	3	3	3	3	3	3	3	0	0	0	0		3	3	3	3	3	3	3	3	3	3	3	3	0	0	0	0		3	3	3	3	3	3	3	3	3	3	3	3	0	0	0	0		3	3	3	3	3	3	3	3	3	3	3	3	0	0	0	0		3	3	3	3	3	3	3	3	3	3	3	3	0	0	0	0		3	3	3	3	3	3	3	3	3	3	3	3	0	0	0	0		0	0	0	0	0	0	0	0	0	0	0	0	0	0	0	0	
	0	0	0	0	0	0	0	0	0	0	0	0	0	0	0	0		3	3	3	3	3	3	3	3	3	3	3	3	0	0	0	0		3	3	3	3	3	3	3	3	3	3	3	3	0	0	0	0		3	3	3	3	3	3	3	3	3	3	3	3	0	0	0	0		3	3	3	3	3	3	3	3	3	3	3	3	0	0	0	0		3	3	3	3	3	3	3	3	3	3	3	3	0	0	0	0		3	3	3	3	3	3	3	3	3	3	3	3	0	0	0	0		3	3	3	3	3	3	3	3	3	3	3	3	0	0	0	0		3	3	3	3	3	3	3	3	3	3	3	3	0	0	0	0		3	3	3	3	3	3	3	3	3	3	3	3	0	0	0	0		3	3	3	3	3	3	3	3	3	3	3	3	0	0	0	0		3	3	3	3	3	3	3	3	3	3	3	3	0	0	0	0		3	3	3	3	3	3	3	3	3	3	3	3	0	0	0	0		3	3	3	3	3	3	3	3	3	3	3	3	0	0	0	0		0	0	0	0	0	0	0	0	0	0	0	0	0	0	0	0	
	0	0	0	0	0	0	0	0	0	0	0	0	0	0	0	0		3	3	3	3	3	3	3	3	3	3	3	3	0	0	0	0		3	3	3	3	3	3	3	3	3	3	3	3	0	0	0	0		3	3	3	3	3	3	3	3	3	3	3	3	0	0	0	0		3	3	3	3	3	3	3	3	3	3	3	3	0	0	0	0		3	3	3	3	3	3	3	3	3	3	3	3	0	0	0	0		3	3	3	3	3	3	3	3	3	3	3	3	0	0	0	0		3	3	3	3	3	3	3	3	3	3	3	3	0	0	0	0		3	3	3	3	3	3	3	3	3	3	3	3	0	0	0	0		3	3	3	3	3	3	3	3	3	3	3	3	0	0	0	0		3	3	3	3	3	3	3	3	3	3	3	3	0	0	0	0		3	3	3	3	3	3	3	3	3	3	3	3	0	0	0	0		3	3	3	3	3	3	3	3	3	3	3	3	0	0	0	0		3	3	3	3	3	3	3	3	3	3	3	3	0	0	0	0		0	0	0	0	0	0	0	0	0	0	0	0	0	0	0	0	
	0	0	0	0	0	0	0	0	0	0	0	0	0	0	0	0		3	3	3	3	3	3	3	3	3	3	3	3	0	0	0	0		3	3	3	3	3	3	3	3	3	3	3	3	0	0	0	0		3	3	3	3	3	3	3	3	3	3	3	3	0	0	0	0		3	3	3	3	3	3	3	3	3	3	3	3	0	0	0	0		3	3	3	3	3	3	3	3	3	3	3	3	0	0	0	0		3	3	3	3	3	3	3	3	3	3	3	3	0	0	0	0		3	3	3	3	3	3	3	3	3	3	3	3	0	0	0	0		3	3	3	3	3	3	3	3	3	3	3	3	0	0	0	0		3	3	3	3	3	3	3	3	3	3	3	3	0	0	0	0		3	3	3	3	3	3	3	3	3	3	3	3	0	0	0	0		3	3	3	3	3	3	3	3	3	3	3	3	0	0	0	0		3	3	3	3	3	3	3	3	3	3	3	3	0	0	0	0		3	3	3	3	3	3	3	3	3	3	3	3	0	0	0	0		0	0	0	0	0	0	0	0	0	0	0	0	0	0	0	0	
	0	0	0	0	0	0	0	0	0	0	0	0	0	0	0	0		3	3	3	3	3	3	3	3	3	3	3	3	0	0	0	0		3	3	3	3	3	3	3	3	3	3	3	3	0	0	0	0		3	3	3	3	3	3	3	3	3	3	3	3	0	0	0	0		3	3	3	3	3	3	3	3	3	3	3	3	0	0	0	0		3	3	3	3	3	3	3	3	3	3	3	3	0	0	0	0		3	3	3	3	3	3	3	3	3	3	3	3	0	0	0	0		3	3	3	3	3	3	3	3	3	3	3	3	0	0	0	0		3	3	3	3	3	3	3	3	3	3	3	3	0	0	0	0		3	3	3	3	3	3	3	3	3	3	3	3	0	0	0	0		3	3	3	3	3	3	3	3	3	3	3	3	0	0	0	0		3	3	3	3	3	3	3	3	3	3	3	3	0	0	0	0		3	3	3	3	3	3	3	3	3	3	3	3	0	0	0	0		3	3	3	3	3	3	3	3	3	3	3	3	0	0	0	0		0	0	0	0	0	0	0	0	0	0	0	0	0	0	0	0	


5 Контейнер
	4	4	4	4	4	4	4	4	4	4	4	4	4	4	4	4		4	4	4	4	4	4	4	4	4	4	4	4	4	4	4	4		4	4	4	4	4	4	4	4	4	4	4	4	4	4	4	4		4	4	4	4	4	4	4	4	4	4	4	4	4	4	4	4		4	4	4	4	4	4	4	4	4	4	4	4	4	4	4	4		4	4	4	4	4	4	4	4	4	4	4	4	4	4	4	4		4	4	4	4	4	4	4	4	4	4	4	4	4	4	4	4		4	4	4	4	4	4	4	4	4	4	4	4	4	4	4	4		4	4	4	4	4	4	4	4	4	4	4	4	4	4	4	4		4	4	4	4	4	4	4	4	4	4	4	4	4	4	4	4		4	4	4	4	4	4	4	4	4	4	4	4	4	4	4	4		4	4	4	4	4	4	4	4	4	4	4	4	4	4	4	4		4	4	4	4	4	4	4	4	4	4	4	4	4	4	4	4		4	4	4	4	4	4	4	4	4	4	4	4	4	4	4	4		4	4	4	4	4	4	4	4	4	4	4	4	4	4	4	4	
	4	4	4	4	4	4	4	4	4	4	4	4	4	4	4	4		4	4	4	4	4	4	4	4	4	4	4	4	4	4	4	4		4	4	4	4	4	4	4	4	4	4	4	4	4	4	4	4		4	4	4	4	4	4	4	4	4	4	4	4	4	4	4	4		4	4	4	4	4	4	4	4	4	4	4	4	4	4	4	4		4	4	4	4	4	4	4	4	4	4	4	4	4	4	4	4		4	4	4	4	4	4	4	4	4	4	4	4	4	4	4	4		4	4	4	4	4	4	4	4	4	4	4	4	4	4	4	4		4	4	4	4	4	4	4	4	4	4	4	4	4	4	4	4		4	4	4	4	4	4	4	4	4	4	4	4	4	4	4	4		4	4	4	4	4	4	4	4	4	4	4	4	4	4	4	4		4	4	4	4	4	4	4	4	4	4	4	4	4	4	4	4		4	4	4	4	4	4	4	4	4	4	4	4	4	4	4	4		4	4	4	4	4	4	4	4	4	4	4	4	4	4	4	4		4	4	4	4	4	4	4	4	4	4	4	4	4	4	4	4	
	4	4	4	4	4	4	4	4	4	4	4	4	4	4	4	4		4	4	4	4	4	4	4	4	4	4	4	4	4	4	4	4		4	4	4	4	4	4	4	4	4	4	4	4	4	4	4	4		4	4	4	4	4	4	4	4	4	4	4	4	4	4	4	4		4	4	4	4	4	4	4	4	4	4	4	4	4	4	4	4		4	4	4	4	4	4	4	4	4	4	4	4	4	4	4	4		4	4	4	4	4	4	4	4	4	4	4	4	4	4	4	4		4	4	4	4	4	4	4	4	4	4	4	4	4	4	4	4		4	4	4	4	4	4	4	4	4	4	4	4	4	4	4	4		4	4	4	4	4	4	4	4	4	4	4	4	4	4	4	4		4	4	4	4	4	4	4	4	4	4	4	4	4	4	4	4		4	4	4	4	4	4	4	4	4	4	4	4	4	4	4	4		4	4	4	4	4	4	4	4	4	4	4	4	4	4	4	4		4	4	4	4	4	4	4	4	4	4	4	4	4	4	4	4		4	4	4	4	4	4	4	4	4	4	4	4	4	4	4	4	
	4	4	4	4	4	4	4	4	4	4	4	4	4	4	4	4		4	4	4	4	4	4	4	4	4	4	4	4	4	4	4	4		4	4	4	4	4	4	4	4	4	4	4	4	4	4	4	4		4	4	4	4	4	4	4	4	4	4	4	4	4	4	4	4		4	4	4	4	4	4	4	4	4	4	4	4	4	4	4	4		4	4	4	4	4	4	4	4	4	4	4	4	4	4	4	4		4	4	4	4	4	4	4	4	4	4	4	4	4	4	4	4		4	4	4	4	4	4	4	4	4	4	4	4	4	4	4	4		4	4	4	4	4	4	4	4	4	4	4	4	4	4	4	4		4	4	4	4	4	4	4	4	4	4	4	4	4	4	4	4		4	4	4	4	4	4	4	4	4	4	4	4	4	4	4	4		4	4	4	4	4	4	4	4	4	4	4	4	4	4	4	4		4	4	4	4	4	4	4	4	4	4	4	4	4	4	4	4		4	4	4	4	4	4	4	4	4	4	4	4	4	4	4	4		4	4	4	4	4	4	4	4	4	4	4	4	4	4	4	4	
	4	4	4	4	4	4	4	4	4	4	4	4	4	4	4	4		4	4	4	4	4	4	4	4	4	4	4	4	4	4	4	4		4	4	4	4	4	4	4	4	4	4	4	4	4	4	4	4		4	4	4	4	4	4	4	4	4	4	4	4	4	4	4	4		4	4	4	4	4	4	4	4	4	4	4	4	4	4	4	4		4	4	4	4	4	4	4	4	4	4	4	4	4	4	4	4		4	4	4	4	4	4	4	4	4	4	4	4	4	4	4	4		4	4	4	4	4	4	4	4	4	4	4	4	4	4	4	4		4	4	4	4	4	4	4	4	4	4	4	4	4	4	4	4		4	4	4	4	4	4	4	4	4	4	4	4	4	4	4	4		4	4	4	4	4	4	4	4	4	4	4	4	4	4	4	4		4	4	4	4	4	4	4	4	4	4	4	4	4	4	4	4		4	4	4	4	4	4	4	4	4	4	4	4	4	4	4	4		4	4	4	4	4	4	4	4	4	4	4	4	4	4	4	4		4	4	4	4	4	4	4	4	4	4	4	4	4	4	4	4	
	4	4	4	4	4	4	4	4	4	4	4	4	4	4	4	4		4	4	4	4	4	4	4	4	4	4	4	4	4	4	4	4		4	4	4	4	4	4	4	4	4	4	4	4	4	4	4	4		4	4	4	4	4	4	4	4	4	4	4	4	4	4	4	4		4	4	4	4	4	4	4	4	4	4	4	4	4	4	4	4		4	4	4	4	4	4	4	4	4	4	4	4	4	4	4	4		4	4	4	4	4	4	4	4	4	4	4	4	4	4	4	4		4	4	4	4	4	4	4	4	4	4	4	4	4	4	4	4		4	4	4	4	4	4	4	4	4	4	4	4	4	4	4	4		4	4	4	4	4	4	4	4	4	4	4	4	4	4	4	4		4	4	4	4	4	4	4	4	4	4	4	4	4	4	4	4		4	4	4	4	4	4	4	4	4	4	4	4	4	4	4	4		4	4	4	4	4	4	4	4	4	4	4	4	4	4	4	4		4	4	4	4	4	4	4	4	4	4	4	4	4	4	4	4		4	4	4	4	4	4	4	4	4	4	4	4	4	4	4	4	
	4	4	4	4	4	4	4	4	4	4	4	4	4	4	4	4		4	4	4	4	4	4	4	4	4	4	4	4	4	4	4	4		4	4	4	4	4	4	4	4	4	4	4	4	4	4	4	4		4	4	4	4	4	4	4	4	4	4	4	4	4	4	4	4		4	4	4	4	4	4	4	4	4	4	4	4	4	4	4	4		4	4	4	4	4	4	4	4	4	4	4	4	4	4	4	4		4	4	4	4	4	4	4	4	4	4	4	4	4	4	4	4		4	4	4	4	4	4	4	4	4	4	4	4	4	4	4	4		4	4	4	4	4	4	4	4	4	4	4	4	4	4	4	4		4	4	4	4	4	4	4	4	4	4	4	4	4	4	4	4		4	4	4	4	4	4	4	4	4	4	4	4	4	4	4	4		4	4	4	4	4	4	4	4	4	4	4	4	4	4	4	4		4	4	4	4	4	4	4	4	4	4	4	4	4	4	4	4		4	4	4	4	4	4	4	4	4	4	4	4	4	4	4	4		4	4	4	4	4	4	4	4	4	4	4	4	4	4	4	4	
	4	4	4	4	4	4	4	4	4	4	4	4	4	4	4	4		4	4	4	4	4	4	4	4	4	4	4	4	4	4	4	4		4	4	4	4	4	4	4	4	4	4	4	4	4	4	4	4		4	4	4	4	4	4	4	4	4	4	4	4	4	4	4	4		4	4	4	4	4	4	4	4	4	4	4	4	4	4	4	4		4	4	4	4	4	4	4	4	4	4	4	4	4	4	4	4		4	4	4	4	4	4	4	4	4	4	4	4	4	4	4	4		4	4	4	4	4	4	4	4	4	4	4	4	4	4	4	4		4	4	4	4	4	4	4	4	4	4	4	4	4	4	4	4		4	4	4	4	4	4	4	4	4	4	4	4	4	4	4	4		4	4	4	4	4	4	4	4	4	4	4	4	4	4	4	4		4	4	4	4	4	4	4	4	4	4	4	4	4	4	4	4		4	4	4	4	4	4	4	4	4	4	4	4	4	4	4	4		4	4	4	4	4	4	4	4	4	4	4	4	4	4	4	4		4	4	4	4	4	4	4	4	4	4	4	4	4	4	4	4	
	4	4	4	4	4	4	4	4	4	4	4	4	4	4	4	4		4	4	4	4	4	4	4	4	4	4	4	4	4	4	4	4		4	4	4	4	4	4	4	4	4	4	4	4	4	4	4	4		4	4	4	4	4	4	4	4	4	4	4	4	4	4	4	4		4	4	4	4	4	4	4	4	4	4	4	4	4	4	4	4		4	4	4	4	4	4	4	4	4	4	4	4	4	4	4	4		4	4	4	4	4	4	4	4	4	4	4	4	4	4	4	4		4	4	4	4	4	4	4	4	4	4	4	4	4	4	4	4		4	4	4	4	4	4	4	4	4	4	4	4	4	4	4	4		4	4	4	4	4	4	4	4	4	4	4	4	4	4	4	4		4	4	4	4	4	4	4	4	4	4	4	4	4	4	4	4		4	4	4	4	4	4	4	4	4	4	4	4	4	4	4	4		4	4	4	4	4	4	4	4	4	4	4	4	4	4	4	4		4	4	4	4	4	4	4	4	4	4	4	4	4	4	4	4		4	4	4	4	4	4	4	4	4	4	4	4	4	4	4	4	
	4	4	4	4	4	4	4	4	4	4	4	4	4	4	4	4		4	4	4	4	4	4	4	4	4	4	4	4	4	4	4	4		4	4	4	4	4	4	4	4	4	4	4	4	4	4	4	4		4	4	4	4	4	4	4	4	4	4	4	4	4	4	4	4		4	4	4	4	4	4	4	4	4	4	4	4	4	4	4	4		4	4	4	4	4	4	4	4	4	4	4	4	4	4	4	4		4	4	4	4	4	4	4	4	4	4	4	4	4	4	4	4		4	4	4	4	4	4	4	4	4	4	4	4	4	4	4	4		4	4	4	4	4	4	4	4	4	4	4	4	4	4	4	4		4	4	4	4	4	4	4	4	4	4	4	4	4	4	4	4		4	4	4	4	4	4	4	4	4	4	4	4	4	4	4	4		4	4	4	4	4	4	4	4	4	4	4	4	4	4	4	4		4	4	4	4	4	4	4	4	4	4	4	4	4	4	4	4		4	4	4	4	4	4	4	4	4	4	4	4	4	4	4	4		4	4	4	4	4	4	4	4	4	4	4	4	4	4	4	4	
	4	4	4	4	4	4	4	4	4	4	4	4	4	4	4	4		4	4	4	4	4	4	4	4	4	4	4	4	4	4	4	4		4	4	4	4	4	4	4	4	4	4	4	4	4	4	4	4		4	4	4	4	4	4	4	4	4	4	4	4	4	4	4	4		4	4	4	4	4	4	4	4	4	4	4	4	4	4	4	4		4	4	4	4	4	4	4	4	4	4	4	4	4	4	4	4		4	4	4	4	4	4	4	4	4	4	4	4	4	4	4	4		4	4	4	4	4	4	4	4	4	4	4	4	4	4	4	4		4	4	4	4	4	4	4	4	4	4	4	4	4	4	4	4		4	4	4	4	4	4	4	4	4	4	4	4	4	4	4	4		4	4	4	4	4	4	4	4	4	4	4	4	4	4	4	4		4	4	4	4	4	4	4	4	4	4	4	4	4	4	4	4		4	4	4	4	4	4	4	4	4	4	4	4	4	4	4	4		4	4	4	4	4	4	4	4	4	4	4	4	4	4	4	4		4	4	4	4	4	4	4	4	4	4	4	4	4	4	4	4	
	4	4	4	4	4	4	4	4	4	4	4	4	4	4	4	4		4	4	4	4	4	4	4	4	4	4	4	4	4	4	4	4		4	4	4	4	4	4	4	4	4	4	4	4	4	4	4	4		4	4	4	4	4	4	4	4	4	4	4	4	4	4	4	4		4	4	4	4	4	4	4	4	4	4	4	4	4	4	4	4		4	4	4	4	4	4	4	4	4	4	4	4	4	4	4	4		4	4	4	4	4	4	4	4	4	4	4	4	4	4	4	4		4	4	4	4	4	4	4	4	4	4	4	4	4	4	4	4		4	4	4	4	4	4	4	4	4	4	4	4	4	4	4	4		4	4	4	4	4	4	4	4	4	4	4	4	4	4	4	4		4	4	4	4	4	4	4	4	4	4	4	4	4	4	4	4		4	4	4	4	4	4	4	4	4	4	4	4	4	4	4	4		4	4	4	4	4	4	4	4	4	4	4	4	4	4	4	4		4	4	4	4	4	4	4	4	4	4	4	4	4	4	4	4		4	4	4	4	4	4	4	4	4	4	4	4	4	4	4	4	
	4	4	4	4	4	4	4	4	4	4	4	4	4	4	4	4		4	4	4	4	4	4	4	4	4	4	4	4	4	4	4	4		4	4	4	4	4	4	4	4	4	4	4	4	4	4	4	4		4	4	4	4	4	4	4	4	4	4	4	4	4	4	4	4		4	4	4	4	4	4	4	4	4	4	4	4	4	4	4	4		4	4	4	4	4	4	4	4	4	4	4	4	4	4	4	4		4	4	4	4	4	4	4	4	4	4	4	4	4	4	4	4		4	4	4	4	4	4	4	4	4	4	4	4	4	4	4	4		4	4	4	4	4	4	4	4	4	4	4	4	4	4	4	4		4	4	4	4	4	4	4	4	4	4	4	4	4	4	4	4		4	4	4	4	4	4	4	4	4	4	4	4	4	4	4	4		4	4	4	4	4	4	4	4	4	4	4	4	4	4	4	4		4	4	4	4	4	4	4	4	4	4	4	4	4	4	4	4		4	4	4	4	4	4	4	4	4	4	4	4	4	4	4	4		4	4	4	4	4	4	4	4	4	4	4	4	4	4	4	4	
	4	4	4	4	4	4	4	4	4	4	4	4	4	4	4	4		4	4	4	4	4	4	4	4	4	4	4	4	4	4	4	4		4	4	4	4	4	4	4	4	4	4	4	4	4	4	4	4		4	4	4	4	4	4	4	4	4	4	4	4	4	4	4	4		4	4	4	4	4	4	4	4	4	4	4	4	4	4	4	4		4	4	4	4	4	4	4	4	4	4	4	4	4	4	4	4		4	4	4	4	4	4	4	4	4	4	4	4	4	4	4	4		4	4	4	4	4	4	4	4	4	4	4	4	4	4	4	4		4	4	4	4	4	4	4	4	4	4	4	4	4	4	4	4		4	4	4	4	4	4	4	4	4	4	4	4	4	4	4	4		4	4	4	4	4	4	4	4	4	4	4	4	4	4	4	4		4	4	4	4	4	4	4	4	4	4	4	4	4	4	4	4		4	4	4	4	4	4	4	4	4	4	4	4	4	4	4	4		4	4	4	4	4	4	4	4	4	4	4	4	4	4	4	4		4	4	4	4	4	4	4	4	4	4	4	4	4	4	4	4	


